25.02
18.29
16.04
14.6
14.95
14.5
10.76
12.01
12.39
14.04
14.68
16.08
16.08
16.05
16.04
16.1
23.93
26.9
26.36
23.98
16.09
14.08
12.44
0.04
-12.11
-19.63
-19.37
-31.41
-46.97
-13.48
0.08
10.06
14.25
14.56
14.64
15.08
15.41
14.52
14.7
14.66
16.09
25.1
25.06
19.08
14.26
12.22
10.4
-0.33
-0.08
-0.07
-5.03
0.01
-0.04
0.03
-8.67
4.46
9.9
14.29
16.73
22.31
23.03
22.4
27.07
29.33
33.85
45.96
49.82
47.62
35.98
27.26
27.7
14.27
9.32
0.02
-0.04
0.01
0
-0.01
-3.18
-0.05
0.05
9.62
11.54
14.68
14.31
11.18
12.01
14.36
17.55
28.94
29.59
29.42
28.92
28.66
29.74
24.9
22.34
17.93
15.17
16.38
17.38
16.38
26.61
37.63
39.09
41.51
40.46
40.97
40.72
41.92
42
43.1
46.7
56.78
58.84
49.23
44.32
40
35.08
30.03
30.02
30.57
30.25
30.29
30.63
29.64
29.67
38.82
40.76
40.02
33.99
31.22
30.06
29.99
30.73
37.38
40.32
45.96
45.71
39.57
32.92
29.15
28.46
26.97
24.97
24.65
24.68
25.06
26.1
26.95
31.43
45.98
47.91
48.91
50
51.22
50.15
51.46
50.88
48
47.14
51.07
47.42
44.83
33.86
27.42
27.02
22.11
21.92
19.35
16.11
14.93
15
19.04
26.17
38.34
37.7
32.99
31.95
33.59
34.37
35.08
34.45
38.12
32.47
36.49
31.82
32.93
29.44
28.62
26.71
15.93
11.55
13.47
11.23
9.37
10.33
10.57
20.08
34.24
29.99
28.33
28.51
31.69
31.11
29.95
29.17
29.47
30.09
33.47
32.78
33.47
30.11
26.69
21.64
14.72
17.1
12.93
13.7
11.01
9.08
9.28
7.19
9.31
11.35
15.87
15.84
14.83
15.83
14.85
11.42
11.34
14.15
17.09
18.87
13.44
15.82
11.51
11.81
5.08
0.05
-2.06
-4.11
-5.06
-4.12
-0.74
-25.02
-16.94
-6.86
1.53
5.61
9.91
8.71
-0.09
-0.07
-1.8
0.61
13.51
11.44
14.88
9.63
9.29
10.18
-2
9.3
2.87
0.09
0.26
2.83
10.4
20.03
44.95
44.92
36.33
30.41
30.07
29.33
29.39
28.98
29.49
28.99
34.41
31.69
29.59
27.61
15.55
14.91
9.1
9.27
10.42
11.16
10.71
11.26
11.69
21.05
32.37
34.21
28.47
26.07
23.74
23.73
23.76
25.62
28.91
34.13
42.16
41.99
37.91
31.41
29.91
27.02
18.36
13.25
15.02
11.99
13.68
13.91
16.26
27.32
31.62
34.74
32.41
29.71
30.32
29.7
29.28
30.63
35.61
37.8
44.69
43.23
34.51
29.44
27.96
23.73
16.29
24.36
21.59
15.46
15.44
15.43
15.47
27.69
33.89
34.79
30.9
29.97
29.42
27.02
26.18
26.53
28.21
29.37
32.54
32.67
30.49
28.32
22.05
19.01
12.01
9.78
11.64
9.72
10.56
14.11
16.02
24.71
34.04
37.71
36.92
37.99
39.97
39.95
40.02
41.83
44.05
47.1
52.49
53.54
48.02
41.51
37.92
35.64
28.79
29.03
27.47
28.06
27.92
27.05
27.24
27.34
27.74
29.73
35.05
38.81
38.89
34.99
31.96
30.07
31.27
33.84
42.44
44.9
34.24
28.95
27.02
27.46
24.5
23.35
21.19
22.24
22.31
22.32
22.11
14.12
15.17
19.07
24.94
27.2
28.22
28.15
27.85
28.17
29.91
30.44
38.42
42.46
39.8
30.54
30.4
31
28.42
27.92
27.76
28.25
28.41
28.07
29.63
42.87
52.07
56.49
52.38
48.84
47.95
44.97
47.95
47.72
47.43
48.19
52.16
56.26
52.96
45
40
37.53
31.07
31.93
31.08
29.92
29.97
31.02
34.81
39.4
53.39
58.88
58.8
57.34
57.46
53.53
52.93
52.38
52.1
51.04
58.55
66.65
56.02
50.01
42.73
42.02
36.93
31.08
32.07
31.53
31.2
33.27
35.07
43.71
54.12
58.39
56.6
54.96
53.99
48.49
49.59
48
50
51.02
55.47
57.1
51.95
43.22
38.98
38.38
31.51
29.67
29.93
29
28.96
29.38
31.09
36.92
48.42
53.79
50.52
50.53
49.89
52.44
54.01
51.54
49.99
51.99
59.2
56.99
53.81
45.57
39.86
37.26
30.96
31.18
29.97
28.86
28.78
29.39
32.49
37.52
54.28
53.56
57.68
56.97
55.75
49.94
47.77
46.58
44.09
45.18
49.98
47.99
46.98
41.48
35.12
34.21
31.14
28.5
27.04
24.44
24.29
25.93
24.99
23.94
24.26
27.6
29.53
30.26
37.81
37.27
34.37
30.07
30.25
34.52
36.09
37.86
34.56
30.04
27.97
28.11
24.99
23.26
22.13
19.04
19.91
21.49
21.75
19.82
22.35
24.64
28.03
29.94
36.65
31.99
29.25
29.13
29.26
30.29
36.5
40.96
39.03
34.92
30.2
29.99
28.07
26.93
26.13
25.54
25.41
25.8
27.1
41.94
55.16
53.22
47.28
45.28
47.43
46.22
46
42.47
42.44
39.76
44.92
44.03
36.98
30.34
28.49
27.15
24.05
20.36
16.31
16.95
16.34
19.92
22.92
27.57
34.27
35.92
36.97
36.94
38.33
37.93
38.19
39.14
40.96
38.93
50.65
46.31
42.26
40
35.23
30.28
27.8
26.97
26.59
25.93
25.27
25.75
25.94
34.25
44.31
42.86
33.96
33.11
29.72
27.85
27.63
27.03
26.59
27
29.95
28.62
28.01
25.47
21.69
16.96
14.9
9.98
10.74
9.21
9.37
11.84
13.37
26.2
30
32.12
28.89
28.81
29.81
28.63
28.56
29.18
33.82
32.45
41.35
39.73
39
33.41
29.09
28.74
25.4
26.6
25.61
26.42
24.74
23.89
26.07
36.41
48.76
49.19
46.35
49.51
47.47
46
44.95
43.24
43.71
44
46.69
48.26
43.11
40.04
30.17
29.5
27.01
27.92
26.5
26.4
25.75
24.95
25.13
24.98
26.55
28.36
29.51
29.91
28.79
28.41
28.23
28.19
29.17
32.12
42.99
44.31
42.15
32.83
28.34
28.5
25.56
27.04
26.32
25.98
25.63
25.78
25.99
24.26
26.48
27.84
29.09
34.15
37.74
34.95
28.24
28.21
28.47
29.89
36.85
36.55
29.99
28.59
28.36
28.18
26.92
27.23
26.38
26.19
26.21
26.24
27.47
37.85
53.35
53.13
54.92
51.35
50.96
45
44.04
44.98
45.74
47.99
58.95
54.92
51.45
45
43.05
40
34.68
29.46
28.84
28.05
28.08
28.21
30.08
40
60.43
60.08
58.79
55.77
53.37
46.2
48.76
47.85
51.7
51.54
60.07
65.52
52.89
47.99
44.25
43.93
30.87
34.9
31.14
30.08
30.06
30.49
33.55
42.64
50.92
61.76
62.59
61.1
58.94
54.87
53.53
51.45
49.88
49.92
59.37
75.87
62.73
49.89
42.66
44.04
36.41
39.96
33.29
32.24
32.44
32.92
38.91
45.96
63.79
62.06
60.28
52.03
49.96
50.52
47.44
44.5
43.54
44.04
50.75
48.13
44.94
41.89
37.9
30.45
29.01
28.73
28.14
27.75
27.73
28.23
29.05
36
52.92
46.9
45.94
45.93
42.93
39.65
37.1
35.54
38.57
42.95
50.19
54.95
50.24
45
40.33
39.37
29.01
28.46
28
27.29
26.28
26.08
25.91
25.53
27.79
32.03
42.1
37.96
33.75
29.99
26.56
25.36
24.76
25.16
29.15
35.81
26.83
22.31
15.01
14.25
9.56
-5
-1.12
-4.78
-2.4
-7.32
-0.9
-9.95
-8.51
4.86
11.6
15.01
15.05
12.21
10.6
15.1
19.94
26.66
33.41
39.55
36.35
28.12
26.93
26.35
16.84
16.42
14.95
11.5
13.86
9.81
9.88
22.28
29.17
29.96
30
30
30.06
31.21
30.96
30.69
32.81
32.3
37.66
43.93
44.57
39.91
32.84
29.43
27.12
25.36
25.32
25.19
25.57
26.02
27.75
38.22
52.95
49
45.97
47.97
49.97
47.27
46.95
46
47
50.38
61.41
84.94
62.82
51.66
44.09
44.54
33.95
30.57
30.67
30.52
30.62
31.39
33.1
45.97
60.14
64.91
59.91
54.22
53.85
49.06
48.82
47.93
49.8
50.86
58.48
81.37
65.22
55.62
46
47.94
32.81
36.63
34.25
31.67
32.03
32.35
36.2
49.95
63.36
70.6
60.81
53.81
49.96
44.91
43.9
43.94
45.47
49.96
57.58
72
69.94
54.98
46.72
43.29
36.91
31.03
31.1
31.04
31.02
31.88
33
45.42
58.25
57.84
50.81
45.49
42.97
38.05
33.45
32.06
38.04
43.2
45.75
46.31
41.71
31.81
29.05
30.43
29.09
28.81
30.05
28.02
27.67
27.68
29.28
27.55
26.95
31.17
33.27
34.11
32.17
31.06
31.01
31.59
35.9
36.35
40.69
44.98
40.13
37.64
32.05
34.96
30.87
30.59
30.01
30.59
30.01
29.28
30.03
27.67
27.68
30.52
27.33
26.38
26.39
25.93
24.11
23.69
25.57
26.64
31.24
40.04
39.2
31.83
30.58
32.5
28.45
26.72
26.02
25.35
26.26
25.89
27.02
39.97
47.83
44.91
41.46
35.07
32.87
30.59
30.38
30.57
35
40.68
46.05
54.15
47.45
42.99
34.17
31.34
30.01
29.09
29.27
29.79
30.07
30.03
31.08
44
55.03
55.55
49.98
47.91
45.53
43.31
43.32
43.51
44.54
44.92
49.6
62.51
56.92
49.94
42.72
40.08
31.97
30.3
30.09
30.03
29.75
31.03
33.58
47.91
54.62
57.8
53.94
54.02
50.44
47
42.98
42.92
43.99
44.71
51.3
58.85
56.68
44.94
37.49
32.27
30.09
30.9
29.95
28.07
28.55
29.93
30.95
36.93
47.93
50.45
49.94
47.07
43.96
37.61
36.69
36.28
40.9
44.87
49.59
48.99
40.03
37.39
31.01
30.03
27.44
25.5
24.33
22.85
23.2
23.48
25.2
29.14
31.42
32.8
31.12
30.06
28.17
26.66
26.5
27.17
31.09
32.17
42.95
49.1
44.61
39.34
31.08
31.02
29.69
28.57
25.51
25.58
24.94
24.96
24.88
25.08
25.69
26.08
27.03
28.26
27.33
26.17
25.98
25.97
29.44
31
40.96
49.15
43.42
38.62
37.47
34.2
31.93
36.86
31.95
31.08
31.1
32.21
31.04
28.03
29.01
35.01
40.98
41.9
40.73
36.33
29.62
26.9
25.05
28.03
39.94
49.85
44.1
31.09
28.69
30.01
25.08
18.62
16.53
14.09
11.9
12.25
18.18
29.06
32.19
30.65
35.01
35.79
38.58
39.94
40.84
39.99
40.98
40.66
42.56
53
46.18
37.32
30.98
30.08
24.93
25.77
25.08
23.9
24
24.91
24.98
30.09
40.94
42.92
37.87
30.86
30.05
29
29.6
31.08
40.59
42.31
47.93
54.95
52.91
44.4
38
31.05
28.19
29.62
30.04
28.68
29.45
30.02
30.01
42.97
51.5
49.9
49.61
50
51.66
44.23
43.9
46.87
46.96
49.93
49.91
68.34
62.16
52.25
47.66
42.4
34.54
30.9
30.9
29.85
29.03
29.43
30.82
47.38
55.2
55.64
46.98
39.95
38.76
30.94
30.98
31.12
35.94
39.92
44.88
45.74
45.04
37.79
30.8
30.1
27.03
26.72
27.46
27.19
27.92
28.02
29.88
41.91
44.02
43.07
42.43
39.92
39.39
35.59
35.72
34.93
40.68
41.62
47.94
64.06
57.82
47.19
40.07
37.3
31.88
28.48
28.04
27.07
28.04
27.3
27
25.81
29.73
38.95
40.02
35.92
29.38
25.89
24.87
24.83
25.57
30.08
40.05
44.77
37.88
27.01
23.87
22.49
15.13
11.76
4.2
-0.05
-0.09
-2
-1.91
-5.08
-0.13
3.91
9.7
12.65
18.39
14.36
11.15
10.52
11.67
11.6
15.27
25.69
25.65
24.8
15.28
23.94
16.64
18
15.38
15.1
13
12
17.85
31.49
38.96
35.99
30.75
28.46
27.09
25.89
26.1
25.85
26.69
28.5
38.56
47.44
45.92
29.83
26.59
24.23
12.14
13.76
9.79
8.4
9.48
13.77
15.65
27.01
31.92
30.16
26.68
24.55
23.01
21.9
24.33
26.08
29.97
34.8
44.32
55.9
57.69
40.09
30.16
28.72
24.92
23.31
16.25
15.37
15.5
18.04
25.52
29.64
38.03
34.07
28.12
25.73
17.99
15.57
15.68
21.64
25.79
26.67
34.93
47.48
43.68
31.36
26.62
26.51
23.75
25.02
24.28
24.02
24.06
24.49
25.91
33.92
42.99
42.61
37.99
33.07
30.21
28.69
28.08
29.3
33.91
37.92
45.71
66.24
68.5
53.99
41.99
39.44
30.48
30.48
29.52
27.1
26.05
27.47
32.9
42.05
50.96
49.22
49.08
48.34
46
39.44
36.8
33.72
39.51
41.26
45.98
59.61
62
42.98
34.48
34.05
29.66
34.09
29.84
26.02
24.06
24.65
25.06
25.47
27.18
28.84
26.22
24.53
24.22
22.5
22.93
24.49
26.11
29.34
38.04
45.78
44.44
34.92
28.27
28.08
23.19
17.73
15.59
15.92
15.57
16.24
16.9
15.53
15.58
15.57
21.42
20.05
21.86
20.03
14.89
14.87
12.88
15.53
26.02
36.13
44.17
38.94
32.29
39.53
36.29
25.96
26.72
26.78
25.68
26.65
29.95
42.97
50.32
56.65
43.95
39.98
37.48
31.56
34.98
35.2
39.41
40
45.36
59.01
65.97
50.01
39.73
33.92
26.07
29.92
28.41
27.75
28.07
30.38
31.6
44.27
48.99
42.91
36.23
32.85
32.54
30.91
33.04
32.66
36.94
40.06
44.94
57.37
65.18
50.98
39.99
33.95
29.54
27.02
27.92
26.94
26.97
27.3
29
39.93
45
39.94
30.52
28.19
27.9
26.03
25.93
26.02
28.19
32
42.81
52.86
66.45
47.72
40.83
40.04
31
29.44
29.7
29.63
29.95
30.94
32.13
46.55
55.39
58.13
46.96
43.93
41.01
33.36
31.96
32.37
37.99
37.9
42.01
52.02
62
44.41
36.89
32.5
29.93
27.16
27.66
27.02
27.47
28.71
30.23
42.2
52.04
49.9
40.92
37.39
35.94
33.22
30.99
32.75
32.75
37.92
42.64
48.02
51.42
42.71
34.05
35.79
31.14
30.37
28.07
28.01
29.91
30.26
28.12
27.92
30.98
35.55
39.92
35.96
33.94
31.32
29.27
27.99
26.74
28.66
35.99
43.4
42.51
37.59
30.54
29.33
24.39
31.27
26.66
25.55
25.38
25.37
25.05
23.74
24.48
26.01
29.38
26.01
26.07
24.04
23.65
22.43
23.3
24.51
31.73
42.48
41.96
34.54
27.18
27.04
23.32
22.6
22.52
21.45
21.64
22.95
25.12
40.06
43.93
40.44
31.37
26.02
25.42
24.02
23.76
23.94
25.24
27.29
38.45
49
56.51
40.6
33.99
30.01
23.93
22.89
22.68
22.17
23.02
23.46
25.42
33.43
43.51
40.23
29.9
27.06
26.57
25.32
25.12
26.42
29.37
32.99
43.52
47.92
55.64
44.21
33.86
33.56
28.11
27.42
28.51
27.81
27.84
27.51
29.46
38.91
47.44
43.95
33.92
30.12
32.39
30.91
30.57
31.08
35.18
39.26
43.45
52.07
60.04
50.63
41.56
35.1
29.31
29.29
29.53
28.95
28.3
28.16
31.08
41.96
50.93
46.01
33.61
30.33
29.97
29.51
29.64
30.26
31.97
35.83
43.91
54.8
65.67
48.51
42.91
41.94
30.48
32.21
32.39
30.99
29.46
28.66
29.61
39.22
45.42
42.95
31.04
49.41
30.42
25.75
25.73
25.92
28.49
30.56
38.45
46.09
55
49.84
37.55
32.69
29.41
32.24
29.05
27.71
28.73
28.36
27.11
29.02
29.59
35.92
33.08
34.03
39.94
37.44
30.24
29.91
29.94
29.9
30.63
36.69
33.99
32.26
26.43
27.6
23.42
20.33
15.15
21.97
23.73
23.82
23.74
16.34
20.51
23.56
24.44
23.78
24.75
24.34
21.98
16.01
17.65
22.33
26.09
39.91
46.01
41.9
36.82
38.96
29.49
28.68
29.01
28.6
28.07
28.12
31.64
46.99
57.59
55.68
44.2
36.98
34.01
30.4
29.97
30.39
36.92
41.66
51.34
55.93
75.61
58.59
49.36
44.94
34
32.95
31.82
31.95
32.68
34.2
36.13
48.01
57.96
58.97
50.64
44.95
44.23
44.39
46.01
47.87
50.57
54.95
58.05
66.99
98.05
62.96
52.4
40.85
31.09
31.08
30.21
30.29
29.62
30.91
32.54
43.06
48.28
49.97
43.93
38.09
37.89
30.88
33.08
36.02
42.44
44.93
48.64
55.81
65.96
46.55
39.79
31.04
27.98
25.4
26.81
26.34
27.28
28.37
30.27
40.98
46.95
49.98
52.9
53
53.87
50.4
48.3
46.68
46.9
43.96
43.34
46.17
52.02
42.83
37.26
31.46
26.11
27.69
27.64
26.94
26.5
27.19
29.34
32.67
36.25
43.02
39.98
40.02
38.94
32.28
29.85
29.45
29.52
30.61
40.03
45.44
46.49
38.2
32.31
30.82
27.33
25.68
24.97
24.94
27.06
28.08
30.95
32.31
32.55
38.39
30.96
32.47
28.22
25.86
23.29
23.11
23.57
23.7
26.87
32.96
34.96
25.19
22.18
19.51
11.71
9.9
8.93
8.93
5.08
6.98
5.99
-0.08
-0.01
10.69
14.9
14.92
14.96
14.95
12.14
14.27
11.48
10.55
12.4
18.59
24.37
24.43
19.65
15
8.98
-19.2
-13.87
-20.07
-12.27
-2.49
9.37
23.76
32.39
30.25
28.45
26.7
25.27
16.06
14.92
13.01
12.7
11.41
15.19
23.99
36.34
43.54
34.94
32.36
22.51
17.96
12.48
11.79
10.22
8.88
15.23
24.95
25.99
27.05
27.29
27.07
27.05
23.23
22.39
18.01
14.96
13.87
14.57
21.94
22.09
19.23
16.99
12.59
-7.5
9.34
0.05
-8.1
-1.07
5.06
16.99
23.77
29.55
31
29
25.21
20.66
13.55
15.3
15.18
20.07
16.97
24.27
27.09
33.99
32.76
28.36
27.19
22.25
24.34
22.95
19.9
24
24.31
24.93
35.14
43.98
48.3
48.24
47.65
42.92
39.13
31.92
26.31
24.64
24.03
24.65
27.4
34.62
39.06
39.03
31.99
24.47
19.46
23.19
22.78
22.98
22.01
22.6
23.55
24.33
22.58
19.46
11.95
15.39
15.35
12.91
13.08
15.31
16.95
25.07
33.97
40.49
39.97
38.95
36.96
29.7
27.58
25.47
25.51
25.38
25.1
25.29
25.4
27.32
31.1
32.84
30.94
29.03
26.07
25.12
24.91
24.81
24.45
26.01
31.29
31.09
33.18
33.21
33.15
27.32
29.62
26.08
25.42
25.08
24.6
24.72
24.18
24.72
25.41
25.33
24.33
25.34
23.1
16.39
15.23
12
12.2
18.45
26.22
30.57
39
37.63
39.06
34.97
27.01
25.17
24.09
24.07
24.62
24.79
23.07
25.05
24.03
25.13
25.93
26.14
25.98
24.03
18.06
15.35
16.68
22.82
28.27
30.41
37.99
35.18
34.44
31.93
34.67
31.64
30.68
28.01
29.28
31.88
47.58
55.26
46.62
40.08
31.12
29.7
26.8
26.41
25.9
27.58
28.91
35.07
45
49.94
52.23
45.16
40.9
32.36
29.45
28.74
28.23
28.28
28.92
30.86
41.96
51
54.8
54.09
47.42
44.43
40.39
39.91
38.62
40.45
41.11
42.94
46.01
52.92
58.24
54.64
47
37.17
31.77
31.06
30.97
30.47
31.24
31.74
45
64.99
69.03
51.92
43.11
40.98
32.22
30.89
31.01
31.23
36.05
42.09
52.11
56.18
59.98
57.85
49.38
35.6
29.99
29.92
29.36
29.44
29.47
30.1
43.95
52.44
54.25
42.6
35.13
29.77
28.21
27.51
26.43
27.22
28.23
33.84
42.96
47.08
48.56
41.92
35.97
28.25
34.02
29.22
25.91
25.16
25.14
25.22
25.43
29.32
29
26.94
26.26
25.09
15.58
15.08
15.05
15.35
15.74
18.97
23.94
24.02
24.5
24.33
23.93
22.11
-14.47
-16.78
-12.2
0.1
11.37
14.3
12.99
14.27
14.87
14.25
9.27
0.08
-4.96
-65.06
-79.94
-65.02
-19.11
10.16
20.98
27.92
31.93
29.54
26.05
20.3
0.03
-10.1
-41.74
-19.92
-7.72
0.44
25.85
39.97
41.81
29.67
26.01
25.67
23.24
22.73
22.12
23.08
24.32
26.54
34.06
43.58
52.32
48.19
42.97
35.05
30.06
29.49
28.74
27.58
27.08
29.47
42.23
51.41
53.84
41.54
37.9
32.57
28.2
26.01
25.13
25.08
23.5
26.32
30.05
39.18
40.95
33.42
27.59
24.26
23.05
24.07
23.63
24.06
24.7
25.74
38.15
44.97
41.93
33.52
26.5
23.54
20.09
14.04
12.3
13.73
13.13
19.92
26.46
35.78
41.59
37.96
32.61
25.62
25.31
25.08
25
24.99
25.07
29.79
43.13
50.03
52
39.9
30.61
29.29
26.94
25.51
25.33
27.63
30.04
35.04
41.56
47.23
49.49
45.1
39.37
29.59
29.22
29.43
29.02
27.8
27.72
30.03
43.23
50
54.9
47.1
45.28
44.3
42.11
37.98
30.09
30.52
30.07
34.09
38.7
44.12
45.7
40.07
34.66
28.85
31.89
28.13
26.99
25.04
25.04
27.95
27.54
27.68
29.19
26.8
23.31
22.27
20.38
17.38
14.03
11.94
15.11
20.37
27.41
38.54
43.94
40.8
39.58
33.31
26.4
23.87
23.29
21.94
20.44
21.31
19.98
20.3
23.01
22.89
20.3
19.98
19.94
11.52
10.1
11.85
16.14
20.92
25.22
35.12
39.51
39.64
36.62
28.2
29.18
26.13
24.95
22.71
22.73
28.8
45.02
50.04
44
36
29.18
28.27
26.74
25.41
25.07
25.83
26.45
29.53
37.64
44.96
45.39
42.22
37.06
31.34
27.48
27.5
26.53
25.99
26.87
29.95
40.57
46.92
42.97
33.71
28.26
27.31
24.35
19.05
14.94
17.65
22.13
25.5
34.9
41.4
43.34
40.34
35.32
26.94
25.32
24.53
23.55
22.06
22.96
26.98
34.01
45.97
50.39
44.91
39.14
33.21
30.03
29.71
29.57
29.69
30.05
39.2
45.08
50.34
50.44
47.05
44.2
38.42
31.09
29.04
27.31
25.07
25.94
30.07
38.97
44.27
46.37
41
33.73
29.75
28.79
28.88
28.08
29.15
30.01
34.15
40.95
45.99
46.47
44.42
41.08
32.56
28.9
27.33
26.21
25.4
25.31
29.1
39.97
46.78
47.44
42
38.93
30.87
28.16
26.23
25.2
26.24
27.32
31.95
37.73
41.04
41.52
40.63
37.68
29.98
28.08
25.01
24
22.64
21.98
21.68
21.74
22.71
24.96
28.47
29.6
28.87
28.22
25.95
24.51
23.65
23.9
26.5
31.24
32.98
33.23
30.29
31.17
27.37
22.39
20.87
19.48
18.87
17.79
18.26
18.75
19.17
20.14
23.05
23.19
23.26
22.81
19.8
18.45
16.3
18.13
21.57
24.98
29.57
34.97
33.28
33.55
32.63
29.72
24.45
23.21
23.06
23.07
25.18
38
43.94
48.57
46
44.44
42.63
39.03
36.64
33.46
33.42
31.57
32.99
34.97
38.35
40.8
39.96
37.6
29.79
29.81
29.91
27.87
25.13
25.5
29.91
38.74
49.05
57.79
55.04
49.97
47.92
40.99
37.17
33.9
30.62
29.65
31.39
34.53
41.11
42.23
40.9
34.83
27.2
25.77
26.45
25.75
25.4
25.94
28.94
38.9
42.01
41.39
31.9
28.83
28.23
27.51
26.45
26.92
28.75
28.99
34.91
41.1
44.94
43.17
41.39
35.46
27.79
25.95
25.26
25.93
25.81
26.47
29.17
38.7
44.99
43.91
39.95
39.24
37.97
33.12
29.4
29.92
29.96
33.91
37.91
41.13
44.92
42.12
41.98
38.41
33.3
24.34
24.09
23.79
23.42
22.83
22.01
19.09
20.92
19.83
21.11
22.81
23.21
24.57
21.4
20.09
19.12
19.97
21.69
24.83
25.92
28.69
28.65
28.7
25.88
23.94
21.62
19.37
17.68
17.96
20.04
22.07
23.22
26.05
27.18
26.02
25.67
24.22
22.66
23.15
22.09
21.09
24.83
34.96
36.93
37.95
36.93
37.33
33.57
22.97
19.58
16.7
17
16.96
17.05
13.34
14.55
13.88
18.94
20.09
22.7
21.39
17.43
13.01
12.03
12.16
13.29
16.01
18.81
19.96
20.5
20.48
12.17
9.59
9.52
10.39
4.89
9.6
19.11
30.48
36.64
39.85
38.46
37.93
39.5
38.9
37.65
35.95
37.35
37.13
38.57
40.07
42.45
40.9
40.06
38.31
27.19
24
21.22
17.08
14.95
13.91
17.83
24.49
31.01
34.66
34.49
33.27
33.62
30
26.99
25.21
24.87
24.85
24.99
29.25
33.36
33.3
35.22
30.77
23.23
22.93
22.1
17.97
15.9
17.1
22.84
33.97
39.98
42
35.52
32.9
29.01
24
20.09
17.91
14.92
17.59
23.09
28.21
33.99
32.53
31.91
28.42
19.11
18.2
13.95
12.11
11.3
12.64
15.65
26.32
38.35
39.11
29.68
24.67
24.17
23.65
23.61
23.09
23.51
23.86
29.83
35.27
42.94
46.9
47.65
44.83
37.47
29.08
25.11
23.14
22.18
22.05
23.23
31.12
39.33
38
34.63
32.32
33.12
32.23
27.45
25.08
25.43
25.86
30.07
33.93
37.09
35.82
33.16
31.2
26.47
21.99
20.04
18.41
15.72
15.75
15.66
16.86
18.42
22.06
21.11
19.01
17.86
17.2
13.92
9.85
7.99
9.89
14.23
17.7
19.79
20.28
20.95
20.99
19.03
8.1
-5.81
-5.4
-11.11
-14.16
-11.41
-5.13
-4.85
-0.08
-9.11
-10.31
-5.39
-7.45
-6.55
-14.93
-4.23
1.19
11.76
19.88
25.26
27.08
26.56
28.01
25.45
22.2
18.35
17.06
15.02
15.96
18.62
28.96
38.17
39.16
37.72
33
31.92
29.3
27.91
25.41
27.03
27.74
32.6
37.96
42.11
39.72
38.01
34.92
22.95
23.59
23
18.87
17.94
18.98
22.93
30.14
37.98
45.44
38.84
38.96
37.92
31.31
27.39
24.6
24.54
24.88
25.56
27.64
33.93
34
34.35
34.58
27.37
21.03
18.09
18.01
16.17
16.52
19.99
27.93
32.96
36.55
30.61
24.55
23.07
22.06
22.04
21.94
22.93
23.76
27.75
32.91
36.97
37.21
36.71
35.82
27.99
25.9
21.02
18.89
18.96
17.87
17.64
16.26
18.05
18.56
18.5
18.83
19.1
18.33
16.36
17.01
16.75
17.64
17.96
23.05
25.48
25.66
25.84
27.39
24
24.99
23.42
21.04
19.63
20.63
24.28
29.91
37.95
36.98
34.98
32.36
35.04
33.62
29.27
25.63
25.08
24.85
28.08
36.55
39.92
36.69
36.62
39.48
36.85
26.03
22.66
21.25
21.14
21.03
21.07
21.08
21.3
21.55
21.67
20.02
18.2
17.92
16.37
13.93
14.82
14.3
17.59
20.05
24.5
26
26.37
25.94
17.01
12.35
10.06
10.13
10.07
6.18
3.98
3.53
8.57
11.97
13.47
14.44
13.41
10.1
5.19
-2.02
-2.92
3.17
10.11
16.88
21.24
25.95
30.94
30.98
26.61
22.24
20.45
18.15
17.9
17.8
21.51
37.46
44.45
43.99
39.94
34.59
35.71
31.91
29.9
27.15
27.35
27.29
28.42
31.99
36.92
32.75
31.96
34.14
27.98
20.81
20.04
18
15.97
19.16
23.35
29.92
39.1
39.21
36.73
31.44
31.88
27.4
26.25
25.49
24.99
25.04
26.42
30.94
35.92
37.7
37.11
36.99
30.08
28.41
24.94
22.38
21.08
21.26
24.79
31.67
47.17
56.11
47.11
49.1
47
42.77
38.55
33.53
31.45
29.78
32.01
34.77
37.47
36.53
33.93
35.17
27.4
27.2
26.02
25.89
23.77
24.7
27.1
34.03
43
49.97
42.82
40.01
40.28
36.09
33.44
31.61
29.93
29.62
30.97
34.98
39.96
39.64
37
37.76
30.02
29.95
26.33
24.33
23.74
23.79
25.28
33.99
40.72
40.52
35.25
31.41
31
28.53
28.13
26.97
27.93
28.42
30.21
33.97
36.17
35.92
35.68
36.12
34.2
30.11
25.54
24.23
20.96
20.53
20.22
20.21
22.61
24.92
26.08
25.6
25.53
24.3
22.18
20.42
19.48
19.42
21.9
25.76
29.57
29.35
29.58
30
27.67
25.24
19.84
19.06
17.88
17.55
15.96
14.94
16.15
17.48
19.3
19.86
20.08
19.42
18.1
15.76
14.78
14.97
16.01
20.12
23.71
24.5
27.8
29.99
24.7
21.1
19.31
17.92
16.1
15.91
18.58
20.98
22.09
22.94
24.09
23.99
25.01
25
21.74
21.09
19.9
20.44
21.99
26.58
30.81
32.89
32.94
33.64
29.46
29.43
26.69
23.93
22.73
22.47
23.4
37.23
47.97
50.73
44.81
42.01
39.98
38.18
33.53
30.66
28.9
28.47
28.42
32.63
35.32
34.41
34.47
33.16
27.23
25.25
23.7
22.61
20.79
20.66
23.63
27.97
33.09
34.94
34
34.87
34.75
35.9
35
33.82
32.13
31.97
36.84
38.02
39.98
38.17
37.96
38.19
32.89
27.04
27.66
25.09
23.77
23.95
25.08
28.91
38
37.88
32.91
31.05
31.04
27.95
25.16
25.07
26.18
26.29
30.58
34.08
37.99
37.82
37.95
37.34
33.03
27.81
26.53
25.57
25.01
26.01
26.6
34.27
39.29
40.56
36.02
34.46
35.64
31.08
29.64
28.69
28.24
28.44
30.86
32.48
34.84
34.97
32.52
31.37
26.08
22.21
18.92
17.53
18.01
17.29
17.1
17.71
17.06
24.04
24.08
18.6
18.67
15.34
15.01
15.16
14.98
14.51
18.05
27.03
30.96
34.22
34.4
34.94
31.3
22.09
19.26
17.23
15.94
15.11
14.23
12.07
11.12
13.89
15.92
15.55
15.88
14.3
13.24
11.15
10.14
10.69
13.58
16.22
18
17.4
18.14
20.18
15.96
13.42
14.53
11.16
14.51
14
15.91
25.95
34.52
37.98
37.86
39.01
38.92
38.79
39.72
38.2
35.75
35.73
39.22
40.59
43.98
41.65
37.23
36.98
28.91
24.24
22.05
20.37
16.75
16
17.73
24.33
30.75
31.72
27.67
24.23
23.02
18.72
18.05
17.46
17.32
17.4
17.55
24.03
27.97
27.1
25.2
23.62
15.44
14.92
11.17
8.7
4.89
8.25
16.15
26.34
39.46
39.36
33.94
29.92
29.9
26.44
25.06
24.88
25.06
25.99
33.12
38.1
42.08
43.48
41.57
40.79
36.43
37.45
30.78
30.04
29.33
28.64
26.89
31.47
34.06
31.63
28.08
24.99
23.02
21.12
19.72
18.73
19.03
20.01
27.94
33.79
36.92
37.79
36.34
36.63
29.9
25.37
24.01
22.89
20.13
22.01
23.78
30.66
35.96
37.91
34.95
28.75
27.18
24.23
22.95
22.29
23.3
25.96
32.97
39.96
45.14
42.5
36.14
35.06
26.58
24.24
21.94
18.13
18.01
20.02
19.42
20.85
23.95
24.77
26.21
25.07
24.72
19.76
18.47
20.18
18.07
18.57
23.07
26.5
30.93
32.05
31.48
32.76
27.92
18.59
15.58
17.35
15.67
15.26
14.21
13.13
12.02
13
16.89
14.66
17.03
14
9.73
11.98
12.45
13.58
16.66
22.69
30.03
29.98
29.9
32.39
25.54
24.29
21.53
18.94
16.23
16.22
18.1
31.54
40.39
44.91
39.6
37.49
38.19
32.61
31.98
30.62
30.28
29.98
32.92
34.73
36.97
34.97
33.99
32.91
25.87
25.01
22.68
19.05
17.94
17.34
22.04
31.61
38.06
40.49
39.92
40.33
47.01
44.94
41.73
40.91
39.46
34.96
35.04
36.13
38.1
38.16
35.29
34.91
29.65
27.99
25.59
24.59
23.05
23.75
24.1
32.97
41.44
41.96
36.67
35.06
34.26
31.16
31.13
29.7
30.77
32.94
34.96
38.46
39.7
37.08
35.13
35.92
29.95
28.31
25.98
25.91
24.02
24.06
26.69
31.52
42.29
45.97
42.96
40.4
39.9
35.21
34.04
32.77
33.94
35.94
43.06
42.91
44.96
41.79
41.19
40.96
33.39
30.03
29.46
26.9
25.88
24.89
26.54
33.14
42.41
44.92
44.45
41.85
40.75
35.15
32.02
30.14
31.95
32.18
35.4
40.72
40.05
40.08
40.91
41.02
34
27.3
26.59
25.09
23.52
23.08
23.58
24.92
24.9
27.97
30.61
29.63
29.49
28.24
26.08
23.5
21.99
21.82
23.33
27.59
29.63
29.73
29.05
31.43
27.07
19.08
13.55
15.77
14.86
13.38
10.24
10.24
14.53
15.66
16.64
16.74
17.61
15.09
17.03
15.74
13.93
14.59
18.02
24.85
27.06
29.93
30.21
31.97
27.04
22.87
20.01
17.34
16.35
16
18.55
29.78
37.64
40.34
40.1
38.99
38.4
39.9
38.85
34
30.38
31.01
36.09
40.54
40.54
37.05
35.2
36.86
28.89
27.64
26.02
25.22
24.42
25.03
26.04
35.65
48.15
50.97
46.66
46.77
49.7
42.73
40.67
39.49
36.94
36.41
38.18
40.02
44
40.6
38.94
38.92
30.02
26.2
24.92
24.57
22.56
24.09
24.91
30.96
41.3
43.21
38.65
30.43
30.92
29.21
28.45
27.09
26.92
27.72
31.96
36.6
38.13
39.73
39.26
36.46
28.41
28.88
26.06
24.57
22.91
22.95
24.92
32.76
39.86
40.64
40.01
36.46
38.96
35.68
38.31
37.42
32.98
31.92
29.53
32.34
35.22
35.09
34.19
32.58
27.56
27.91
26.79
24.77
23.95
23.72
26.02
31.99
37.88
41.8
40.71
36.01
34.33
33.29
34.99
30.46
29.44
29.88
30.68
35.07
37.47
36.81
35.51
38.03
30.01
33.22
27.05
25.97
24.88
24.72
22.44
24.69
26.48
30.86
32.83
32.11
30.94
28.71
24.64
20.09
21.9
22.02
24.73
30.23
33.74
33.67
34.05
36.17
27.73
25.97
22.65
20.02
18.15
18.96
15.84
15.84
18.96
20.48
22.63
23.77
26.21
23.71
15.52
15.53
16.94
15.33
22.47
28.99
31.95
37.88
36.47
36.99
31.95
24.87
24.33
22.3
19.08
18.88
21
30.35
41.09
43.47
43.53
43.72
43.52
38.24
39.7
35.31
34.66
33.04
35.09
35.59
37.69
38.99
35.5
31.04
27.05
27.07
26.87
26.36
24.88
24.87
26.85
30.46
38.28
42.28
40.28
40.42
40.39
32.84
31
30.35
29.34
27.51
29.88
33.92
35.9
35
33.4
29.95
26.68
24.85
23.05
20.36
17.94
22.08
25.65
29.12
36.34
34.93
33.63
31.04
30.83
29.46
29.43
29.45
30.65
29.5
32.64
36.42
37.86
38.04
39.04
38.99
32.8
31.15
29.62
27.8
26.1
26.86
29.67
35.04
45.97
48.96
43.21
38.89
40.04
34.96
35.22
33.7
37.81
35.59
39.22
42.17
42.99
43.03
39.4
37.06
30.7
31.91
31
30.69
28.91
28.91
31.72
37.42
44.51
45.05
41.33
37.91
36.97
35.98
35.44
33.93
35.01
36.6
39.56
41.26
41.03
37.28
35.7
37.94
34.38
30.28
27.2
26.73
25.54
25.1
24.07
25.13
26.08
33.21
35.48
34.91
34.13
32.34
28.14
26.43
25.05
25.06
27.01
29.41
32.5
32.76
32.65
34.98
30.9
21.26
18.59
16.94
19.08
16.3
15.27
15.08
15.06
15.3
15.56
15.04
16.07
15.23
14.94
14.3
14.68
15.55
17.42
28.72
35.02
36.92
35.53
38.92
36.86
33.51
29.23
26.9
25.94
25.34
27.08
34.98
43.93
47.62
43.93
41.55
40.02
34.55
32.62
31.69
32.17
34.5
39.46
39.13
43.96
43.94
41.8
41.18
31.96
29.44
29.36
29.49
27.52
27.58
29.91
36.07
42.55
42.61
37.93
36.07
35.72
32.91
31.88
31.23
31.97
33.92
40.02
43.9
46.79
44.54
41.34
36.93
33.62
30.62
29.98
28.05
27.7
28.36
28.67
35.32
42.02
41.54
36.9
34.22
31.99
30.04
28.77
29.43
29.99
30.04
34.94
37.28
42.58
42.42
39.68
36.98
28.39
28.74
28.08
27.31
26.07
27.49
28.19
35.11
42.45
43.12
35.91
32.52
28.72
28.15
27.54
26.73
28.49
33.1
40
44.28
48.26
44.2
40.97
37.95
30.14
29.72
30.07
29.18
30.38
31.84
35.39
46.39
53.02
56.62
55.78
47.56
41.64
39.03
33.95
35.34
39.75
47.43
60
58.94
57.34
55.99
53.79
57.09
47.99
37.04
31.76
31
32.09
29.74
28.46
27.58
30.82
35.03
38.94
31.35
28.68
28.15
28.12
27.67
28.68
30.91
39.29
43.99
44.14
40.05
38.99
39.89
34.5
30.44
29.47
29.43
27.94
28.97
26.06
25.25
25.58
26.08
26.1
24.77
24.01
24.36
23.08
22.72
24.02
24.74
28.65
32.56
33.91
34.95
35.07
39.98
30.55
28.78
24.55
20.8
15.94
15.51
24.08
29.72
43.16
44.2
37.95
34.99
31.48
28.72
27.11
26.03
28.23
29.08
44.01
50.51
65
65.05
59.94
61.95
52.49
51.68
40.83
38.9
34.92
35.32
38.97
47.97
62.06
65
62.95
56.91
57.42
46.35
45.4
45.01
46.95
51.51
54.06
56.77
57.65
49.46
44.9
47.06
38.33
28.48
27.96
29.03
25.65
25.29
24.92
32.94
37.96
41.2
38.47
35.92
32.83
24.67
20.79
15.87
15.84
15.9
27.42
29.07
37.81
39.27
38.02
35.93
28.49
26.47
25.23
25.41
20.55
22.1
24.5
34.51
37.71
40.46
34.46
32.71
31.79
26.02
26.04
24.43
22.08
22.01
24.85
26.93
30.17
32.73
34.68
36.92
26.1
28.03
25.91
25.02
24.03
22.11
24.71
30.9
33.15
33.4
29.98
29.08
28.63
26.34
25.29
25.15
25.92
28.48
34.63
42.4
50.17
46.31
44.85
47.05
39.9
42.84
35.93
33
29.15
28.74
28.7
30.62
31.29
32.49
30.71
28.64
29.88
29.91
28.56
27.46
27.1
27.49
30.4
36.82
39.9
40.05
42.02
45.42
40.01
35
29.95
28.49
27.03
27.44
25.62
25.05
24.07
23.9
24.09
21.06
22.98
24.08
22.92
19.42
20.08
23.91
27.07
30.03
35.74
36.58
36.6
39.99
38.49
32.24
28.94
26.86
24.79
24.98
27.43
36.52
44.81
45.84
45.97
46.69
52.38
52.87
47.67
48.19
47.06
45.98
44.97
46.73
47.02
44.62
42.14
44.98
33.77
32.43
28.47
27.91
26.4
26.93
28.03
35.04
50.1
60.15
54.95
53.84
53.59
49.99
44.98
40.79
38.52
38.51
41.94
42.92
45.9
47.32
46.1
46.89
37.03
43.06
36.13
31.07
30.01
30.01
36.62
44.92
56.25
54.01
58.62
57.82
59.29
52.32
46.99
46.07
45.23
45.54
49.94
56.36
59.15
54.97
52.34
53.98
44.73
40.01
36.44
33.36
31.86
31.29
38.06
43.09
55.92
54.38
53.88
52.5
52.06
45.98
42.91
42.01
42.07
42.05
49.38
56.14
55.63
53.45
51.21
50.48
39.93
37.22
34.25
32.91
30.01
29.94
31.11
38.76
45.28
46.04
44.97
43.91
42.05
32.94
29.76
29.92
29.95
30.55
36.6
40.86
45.45
44.71
46.91
47.09
41.97
41.85
38.18
35.04
33.31
32.08
31.23
30.71
34.43
36.93
41.93
36.92
36.57
35.05
31.26
31.72
32.52
34.33
38.1
43.37
46.93
45.92
44.92
46.94
43
40.52
35.87
31.05
28.88
27.1
25.45
25.4
27.07
29.5
33.1
34.97
34.97
30.79
27.58
25.44
22.74
21.42
22.24
26.76
31.9
32.83
33.45
36.03
31.04
25.41
23.26
24.24
23.12
22.63
25.44
37.34
45.12
47.99
47.11
45.92
48.19
48.82
48.73
47.94
48.05
49.54
50.94
49.93
56
50.03
48.19
46.54
41.95
40.17
35.08
32
28.8
28.78
32.15
41.32
48.77
55.77
52.58
52.63
50.94
45.82
37.88
36.08
39.27
43.97
48.92
56.55
66.39
60.83
55.92
55.13
48.65
37.83
37.61
35.64
31.82
32.22
35
44.24
53.64
56.92
52.51
55.09
54.15
49.96
48.07
48.02
49.15
51.27
52.9
50.72
51.7
50.56
49.98
49.94
41.89
36.06
35.5
33.1
30.52
32.3
35.2
39.99
49.94
50.66
54.87
51.91
52.92
54.91
54.72
51.83
51.5
51.94
51.37
51.94
53.37
55.93
52.95
53.39
45.46
41.97
36.59
34.36
32.43
33.05
34
42.96
55.25
55.17
56.91
53.45
52.62
51.92
49.95
48.78
47.92
48
49.6
51.28
49.94
45.93
43.1
42.75
34.05
22.41
19.6
16.19
16.12
16.15
15.62
15.08
22.62
25.3
24.71
20.85
16.78
16.19
12.92
6.1
5.57
10.57
14.7
16.17
15.76
15.97
15.06
12.95
6.53
-0.09
-5.31
-1.84
0.01
0.03
0.03
1.15
1.66
2.12
2.18
0.04
2.52
2.07
0.06
0.1
4.37
10.65
24.08
35.92
36.29
36.96
39
39.96
32.96
25.5
20.2
16.81
15.85
15.88
23.04
35.75
42.06
43.61
44.98
42.95
41.79
40.02
35.96
31.56
29.01
26.48
29.03
31.34
34.86
33.05
30.99
30.55
25.46
19.13
16.27
15.47
10.54
12.6
16.61
23.09
30.54
31
31.34
27.07
26.42
23.88
22.87
19.98
20.08
23.29
27.51
32.96
33.82
31.88
32.18
34.42
26.42
21.05
19.02
16.36
15.5
16.13
18.68
27.05
34.79
37.93
37.09
34.88
36.92
35.44
30.96
29.33
25.64
25.13
25.42
27.07
31.38
31.5
30.97
27.33
22.07
16.12
15.38
8.35
5.84
11.14
16.67
20.77
30.74
33.16
26.9
23.48
25.08
22.34
23.46
23.41
25.14
26.41
26.88
32.19
37.91
37.27
36.94
34.41
27.91
25.21
22.07
18.86
16.18
18.94
22.99
32.32
37.92
38.88
33.99
29.23
28.29
26.06
25.58
25.25
25.69
29.37
34.96
39.66
44.82
45.44
41.2
37.81
31.84
25.5
23.19
21.3
22.03
21.91
22.04
22.13
22.22
24.45
23.49
17.07
16.18
15.35
12.76
12.78
14.22
16.02
25.01
30.03
32.86
30.27
30.27
31.07
25.37
17.09
16
14.93
14.56
15.04
14.82
15.32
15.58
14.93
14.16
12.71
13.89
11.5
10.03
9.2
9.66
12.06
15.05
22.36
27.98
30.01
33.02
29.95
25.03
23.03
17.02
16.02
15
14.09
19.08
25.25
33.82
38.55
36.98
34.31
31.4
26.39
25.24
24.03
25.43
26.57
34.38
37.78
40.97
40.86
40.83
39
28.39
26.69
26
24.56
19.08
21.98
25.39
28
37.96
36.99
36.33
35.94
35.96
33.98
30.44
32.44
37.64
38.98
39.93
39.94
39.9
40.27
38.37
38.62
31.39
30.4
28.86
28.05
25.18
24.07
27.33
33.79
40.89
43.75
41.03
38.74
36.9
31.42
29.58
29.55
29.2
29.8
37.54
44.03
46.9
41.92
43.93
41.18
31.33
30.24
27.95
25.14
23.21
23.02
25.46
31.32
39.94
42.72
38.42
36.91
34.58
30.49
29.02
28.74
28.78
30.93
38.93
43.03
48.92
45.18
44.93
42.87
35.95
30.35
28.73
26.56
25.36
25.28
27.4
32.28
38.68
39.82
38.93
38.82
36.95
32.56
29.32
28.87
29.14
30.99
38.96
42.3
43.97
41.41
41.57
40.98
31.98
31.22
27.38
26.23
25.21
23.05
23.04
25.24
28.31
29.91
31.56
28.02
27.2
25.24
23.49
22.14
24.11
25.28
29.57
31.95
33.96
33.91
34.92
35.26
32.65
27.02
25.28
24.04
22.95
22.2
22.01
21.87
21.43
22.64
23.94
25.11
26.12
23.72
23.84
23.08
23.08
24.59
28.12
35.94
37.92
36.46
36.99
36.89
32.4
30.6
27.19
25.49
23.49
23.04
25.24
37.57
41.74
43.8
40.42
39.48
39.95
36.92
35.93
31.68
31.4
34.77
39.9
39.92
39.92
36.97
36.91
31.83
29.38
29.94
28.92
27.73
26.94
27.03
29.54
37.01
44.79
46.45
45.67
45.07
47.24
43.91
40.46
36.97
36.98
38.88
43.98
43.99
44.98
44.29
45.09
42.48
32.58
29.98
28.7
27.94
26.94
27.21
29.06
37.02
45.29
42.85
43.09
42.1
44.11
40.41
37.94
36.99
37.16
39.3
42.77
42.02
43.37
43.07
43.95
40.86
29.97
28.87
28.55
25.92
25.67
25.43
27.12
31.24
40.95
44.14
42.06
40
39.44
35.84
31.77
31.1
31.02
32.92
40.13
42.02
41.98
39.92
37.26
30.89
26.73
24.09
23.55
17.54
18.28
17.06
25.07
28.79
36.76
35.5
36.94
32.93
31.09
28.6
27.77
26.16
27.02
29.56
39.07
38.92
38.95
37.52
38.5
38.68
32.94
32
27.72
29.15
27.71
26.53
24.81
26.01
27.06
30.43
33.42
36.44
35.83
36.24
34.89
30.04
27.94
30.32
36
37.47
38.99
38.13
39.91
38.95
31.17
31.34
29.35
28.07
27.09
27.04
27.03
26.87
26.99
28.05
30.08
32.7
37.98
37.85
31.03
29.68
28.46
27.04
29.09
32.42
33.01
31.06
33.44
30.98
24.98
29.11
28.08
26.01
28
26.03
28.05
34.93
43.93
46.07
48.94
51
50
49.54
48.93
47.94
44.39
43.07
44.1
44.91
45.06
44.93
43.94
39.95
33.78
28.99
27.38
25.05
23.09
22.1
27.04
32.83
36.94
41.09
42.43
42.03
42.32
40.5
41.97
41.16
40.56
40.92
43.1
44.99
45.92
45.31
45.92
44.15
36.04
33.04
29.61
28.01
27.04
27.8
30.56
36.76
42.06
45.66
45.96
45.45
45.98
43.57
42.94
41.47
41.93
41.92
43.08
44.02
46.35
45.31
43.99
41.23
33.23
30.76
30.23
27.2
25.7
24.75
28.09
33.54
41.99
43.12
44.1
44.17
44.57
42
40.7
39.32
39.32
37.91
40.29
42.08
42.98
42.99
42.84
37.77
29.99
25.32
24.84
25.1
24.87
25.31
28.28
33.72
37.17
39.56
39.47
37.62
35.23
28.06
26.97
26.4
27.36
28.06
34
38.99
40
39.81
39.83
31.91
28.08
33.99
31.68
28.71
25.56
25.52
26.64
30.09
32.18
32.08
30.08
24.61
22
20
16.31
16.26
17.2
16.3
26.09
37.12
40.62
39.92
34.03
28.89
24.66
21.42
16.73
17.14
15.64
15.06
14.41
15.16
16.07
17.13
17.21
16.43
14.52
12.85
10.04
5.28
7.92
11.72
16.02
19.42
25.65
27.6
27.42
25.09
19.03
16
16.47
16.14
16.16
16.6
23.88
35.14
39.98
45.02
42.71
41.63
39.96
37.88
36.15
34.36
34.98
34.98
37.41
38.91
37.02
31.95
29.18
23.26
16.15
16.17
14.42
12.84
11.56
12.28
16.13
25.02
33.82
37.2
33.17
27.74
23.98
21.62
21.12
21.48
22.75
23.99
31.04
36.92
41.44
39.35
37
34.76
28.13
25.29
23.47
20.66
20.06
19.27
23.69
31.16
38.74
36.39
33.74
29.97
28.51
25.56
25.06
24.99
25.29
28.27
32.02
38.98
44.66
42.44
35.07
26.97
23.11
16.56
16.17
16.57
16.24
17.54
23.44
28.3
32.37
35.64
37.92
32.93
33.92
28.8
28.59
29.06
32.22
36.89
40.84
41.98
43.05
43.02
41.02
37.4
30.8
28.59
27.92
28.56
27.97
27.8
30.1
42.05
48.13
51.78
51.43
50
47.36
42.96
40.01
37.08
37.59
42
44.92
49.48
49.94
49
48.51
42.43
38.46
34.87
29.36
29.54
29.18
26.98
28.28
31.44
32.02
34.32
29.57
24.9
22.02
20.05
18.29
17.91
20.58
23.48
29.3
40.7
43.2
43.09
41.22
39.03
31.62
30.16
26.01
24.51
23.92
24.03
24.19
24.14
24.93
27.14
25.55
24.02
22.26
18.23
17.33
18.01
19.17
19.98
24.27
34.8
38.8
40.98
39.09
38.91
27.94
28.19
27.98
26.71
25.09
25.02
30.29
42.98
48.01
46.92
45.03
40.2
34.15
29.53
27.92
28.93
29.34
32.08
41.81
45.08
46.61
44.76
42.44
34.97
27.95
27.72
27.15
26.38
25.04
25.99
29.06
42.03
49.61
49.93
48.08
46.9
45.83
42.46
40.21
39.94
40.94
41.96
44.62
44.95
45.1
46.67
44.02
35.38
29.27
27.58
26.77
25.31
24.43
25.09
28.66
39.04
44.78
45.01
43.62
37.99
38.22
32.43
30.55
31.95
35.68
40.97
45.58
49.97
55.1
53.32
47.96
41.95
31.03
29.44
29.97
28.68
26.65
27.42
29.49
41.44
50
52.02
49.25
48.07
48.08
46.86
43.63
42.37
41.2
41.43
44.03
44.93
48.53
49.1
45.23
40.23
30.09
28.18
27.99
26.95
26.2
26.08
26.96
37.94
46.72
47.98
44.97
40.76
34.9
28.62
27.76
27.18
26.99
26.21
30.94
38.15
40.87
42.44
32.75
28.65
26.29
24.39
23.5
17.37
16.9
16.95
18.5
18.8
25.07
27.3
27.12
23.99
16.87
16.06
15.33
13.15
13.37
14.57
16.07
23.91
27.82
25.07
22.59
16.17
12.85
0.07
0
-0.09
-0.09
-1.87
-2.19
-2.33
-0.07
3.74
3.2
-0.81
-1.75
-11.05
-19.99
-29.93
-24.41
-14.34
5.24
15.97
23.9
28.99
25.01
21.29
17.86
16.47
16.09
15.77
16.07
13.8
18.58
31.75
42.1
43.57
41.27
39.92
42.08
41.76
40.18
38.11
34.52
31.75
32.73
40.48
45
45.17
39.82
29.01
24.55
28.7
28.2
26.48
24.48
24.47
28.48
39.94
45.92
46.34
40.98
37.9
34.99
34.63
32.44
33.27
32.33
33.79
39.91
43.78
46.98
47.08
42.24
30
27.96
28.52
28.5
26.46
26
26.41
29.06
39.97
44.96
46.43
44.25
38.61
33.97
31.17
29.96
29.1
29.51
29.9
37.94
43.18
44.01
45.06
38.93
30.41
26.49
27.04
26.1
25.51
25.03
25.91
28.73
40.02
45.78
47.03
43.99
37.4
32.38
29.02
29.02
29.04
32.05
31.94
38.5
42
44.4
43.62
31.93
28.46
25.07
25.24
24.54
24.2
24.14
26.06
26.21
36.42
43.94
43.7
40.8
34.2
32.07
28.07
27.07
27.07
29.52
30.01
36.67
42.04
45.19
45.05
40.41
38.03
32.64
34.79
31.97
29.94
25.01
25.91
25.26
27.92
32.06
37.91
40.09
34.15
27.95
24.97
22.4
17.99
24.05
27.8
34.13
39.21
41.3
41.1
31.29
31.7
26.17
17.1
19.59
23.04
23.04
23.3
23.45
24.06
23.68
24.06
25.48
25.82
28.46
25.11
23.93
22.24
22.34
22.86
26.17
31.35
36.8
40.22
34.96
32.01
24.2
22.61
18.63
16.77
16.12
21.42
24.08
37.97
42.54
42.03
41.69
42.04
44.92
44.93
42.04
41.91
39.98
39.47
39.92
40.05
41.27
41.92
29.58
25
16.89
18.15
14.56
12.98
12.86
13.79
18.91
30.08
42.03
42.07
35.3
30.08
28.6
26.75
26.39
25.35
25.08
26.6
30.28
40.69
43.97
45.83
35.01
28.59
24.15
24.34
24.03
24.06
23.69
20
25.03
39.45
46.41
52.06
50.33
45.28
45.1
40.79
39.91
33.76
33.62
32.59
35.93
37.44
39.91
32.62
27.05
24.02
16.81
15.88
14.73
16
14.63
11.32
16.18
28.17
39.92
36.03
31.04
29.13
29.07
28.26
28.6
28.49
29.75
30.01
34.76
36.8
42.04
40.98
32.52
27.17
23.43
21.98
18.61
18.91
19.01
21.72
25
34.99
47
51.16
48.44
46.4
44.62
39.99
35.14
33.36
38
40.05
44.16
46.73
48.9
47.7
42.57
34.1
26.68
28.54
26.25
24.78
24.2
23.73
25.08
24.74
27.6
32
32.99
30.06
30.24
30.87
28.09
25.97
26.01
28.01
32.67
38.73
43.91
44.74
38.39
35.31
30.09
23.94
17.33
15.87
16.86
16.08
16.09
16.81
16.88
20.13
19.73
19.38
19.95
18.36
15.72
15.91
16.03
16.04
21.06
29.37
37.37
38.03
33.95
33.01
31.31
26.76
23.97
21.64
22.34
21.7
26.31
42.67
49.54
50.55
46.93
42.01
38.99
34.75
30.65
29.88
32.24
37.94
44.19
47.77
52.45
48.99
42.1
38.97
28
27.19
25.74
23.58
18.56
20.45
24.25
34.11
32.53
32.57
34.22
35.9
36.07
32.75
36.73
38.25
40.37
40.82
41.7
42.06
44.99
40.81
37.25
33.1
28.51
30.96
28.55
28.33
27.71
28.53
33.2
45.47
47.98
59.39
55.55
54.9
55.61
51.3
49.91
48.81
46.96
47.03
47.92
46.81
50.07
46.8
43.99
33.94
28.26
26.17
26.97
25.83
24.08
25.64
26.79
36.29
43.92
43.98
41.92
34.72
29.1
27
27.43
27.45
27.43
28.21
33.97
40
44.94
42.1
30.03
27.87
26.69
26.05
25.44
24.05
24.05
25.22
27.55
42.04
46.99
46.94
42.04
39.91
34.92
28.74
28.58
28.78
31.45
34.24
43.92
45.97
49.36
44.99
42.08
36.31
29.55
31.72
28.63
27.86
28.51
28.64
29.76
30.01
38.34
42.07
38.05
31.82
29.04
27.34
27.57
28.4
28.68
28.66
36.76
43.71
47.97
42.29
35.44
31.07
28.31
28.07
26.03
24.01
25.13
23.78
23.48
25.49
28.5
30.09
29.06
23.33
19.05
15.96
15.09
14.31
14.5
16.83
28.09
38.97
44.93
41.94
31.96
31.43
24.27
24.37
23.97
23.9
23.43
20.16
24.84
43.25
53.33
54.42
42.59
35.85
28.58
26.87
26.72
26.71
29.04
32.06
42.42
46.95
54.99
46.42
38.9
31.26
26.19
28.51
28.47
26.04
24.87
26.55
28.5
41.59
50.94
55.44
39.6
33.77
28.39
26.98
27.48
27.71
28.33
29.02
34.04
43.36
51.64
43.76
38.02
33.33
28.54
28.17
28.12
26.91
26.66
27
28.63
42.93
53.78
55.5
43.09
37.09
32.14
28.13
29.25
30.07
31.7
33.28
42.7
50
58
48.93
42
34.56
29.72
30.03
30.09
28.62
29.14
29.4
32.77
44.97
56
59.06
48.46
34.45
30.44
29.14
30.02
28.81
31.38
36.26
44.48
51.57
61
55
44.95
39.96
30.43
31.37
30.98
29.93
30.15
30.82
32.3
44.68
54.92
60
46.96
37.92
32.01
30.07
28.65
28.91
29.6
32.02
44.68
48.1
55
49.03
39.8
33.5
30.13
26.75
26.26
26.39
26.04
24.77
25.49
24.03
26.14
28.06
26.4
24.67
24.63
23.53
20.24
21.94
23.52
24.05
31.88
40.3
47.01
41.95
37.79
40.28
30.35
27.63
27.01
26.82
24
25.7
26.13
26.14
27.52
30.02
31.95
30.53
31.62
29.24
27.09
26.06
26.01
25.44
31.8
40.48
46.99
44.9
40.95
40.41
33.96
27.66
26.68
26.82
26.02
25.84
28.25
42.17
52
55.07
53.01
51.56
49.08
42.17
40.4
38.84
40.97
41.38
44.61
45.1
51.75
45.45
33.26
28.06
27.01
25.05
26.16
23.87
23.06
23.66
26.4
35.29
45.81
48.08
46.87
47.21
46.95
45.69
46.12
43.92
41.27
40
40.55
41.91
45.87
39.91
32.18
30.05
27.56
28.07
25.19
24.08
23.45
23.66
26.26
34.3
47.68
50.03
49.84
49.02
48.97
47.51
47.07
45.94
45.95
44.2
45.74
49.58
56.56
49.56
41.52
36.36
30.99
32.2
28.72
28.08
27.95
28.42
34.76
46.49
55.7
59.84
61.14
59.13
56
52.46
51.05
50.78
50.22
50
51.69
55.99
72.7
58.04
43.98
40.99
35.06
33.12
32.02
30.26
28.22
30.47
32.09
46.62
55.48
61.04
61
55.09
52.93
50.85
47.8
46.8
45.17
44.48
46.66
49.56
55.44
49.99
40.07
36.47
32.43
32.46
28.53
32.21
30.35
29.95
31.01
32.88
36
42.9
43.97
42.92
39.13
29.42
27.31
28.03
28.94
31.62
36.14
42.97
42.99
35.06
30.07
29.06
23.55
19.71
18.94
19.03
19.21
19.45
19.01
19.03
19.52
20.82
20.62
20.2
19.99
16.5
13.19
12.89
13.1
16.57
23.35
35.23
42.97
32.28
29.13
31.2
23.78
23.09
19.6
19.78
19.47
19.64
26.14
40.73
49.15
49.88
42
32.23
28.06
26.4
26.35
27.33
29.08
32.65
47.01
53.33
66.87
51.61
41.51
32.72
31.42
30.39
30
29.76
28.87
29.05
31.7
43.98
52.62
56.6
53.94
46.7
43.97
40.82
41.45
41.91
42.54
43.85
48.17
53.91
61.89
50.12
40.09
37.16
32.22
31.47
29.15
27.77
27.75
28.08
30.47
41.49
55.08
63.06
61.21
60.05
61.95
55.17
51.95
46.81
45.99
46.87
47.95
51.98
57.07
46
36.95
36.99
31.59
32.09
30.66
28.76
28.25
28.09
29.31
36.93
51.9
50.41
51.16
57.91
57.01
51.46
50
42.44
36.08
35
37.44
44
47.97
36.07
32
32.41
29.1
29.38
29.03
28.06
29.48
30.79
30.73
45.86
61.8
65.99
65.99
66.23
61
54.7
52.37
55
53.73
51.94
55.17
59.87
50.4
44.8
39.82
38.69
35.27
34.19
34.07
33.49
33.42
33.97
32.34
32.13
35.06
46.3
48.13
48.28
46.52
43.96
41.62
38.96
38.48
39.18
42.6
48.8
55.99
47.21
41.81
42.43
32.18
32.18
32.02
31.04
32.03
30.91
31.03
29.03
31.96
32.98
35.06
39.98
41.94
38.32
38.38
36.2
33.56
35.01
39.18
47.44
56.05
51.71
45.66
42.81
35
36.72
34.43
34.15
32.59
32.34
35.15
47.74
60.01
66.32
69.68
61.67
59.9
60
59.59
57.19
55.63
54.32
55.8
60.17
69.47
57.84
43.5
38.22
34.86
33.02
31.77
30.5
29.86
31.93
33.91
43.4
58.64
65.56
64.74
62.01
60.26
55.99
54
54.6
53.19
52.73
54.26
60.42
66.98
51.05
40.5
38.43
33.92
32.34
31.1
29.48
29.14
31.27
32.41
36.93
54.24
61.96
57.69
53.61
52.76
46.37
44.03
43.31
42.09
39.34
46.18
47.93
47.31
38.25
36.02
36.08
30.85
27.38
26.49
26.3
27.13
27.92
29.03
35.92
46.95
46.59
46.95
45.83
46.94
45.87
46.2
45
41.72
36.09
38.93
41.98
41.71
36.03
32.19
29.81
23.98
27.28
24.94
23.76
23.97
27.15
28.91
36.2
47.95
46.95
48
46.98
44.72
35.04
32.37
31.68
34.29
41.91
45.12
54.01
55.17
43.17
39.94
35.16
32.15
32.08
32.3
30.07
31.48
30.1
30.05
33.46
37.2
40.02
40.03
35.95
30.5
27.89
27.94
25.48
27.7
31.08
37.22
44.92
44.98
34.73
30
28.09
24.09
28.76
27.08
25.045
25.84
23.86
25.05
25.46
30.9
32.09
32.05
31.97
32.04
29.04
25.49
30.05
32.07
36.2
47.91
53.93
52.14
44.92
41.02
43.05
32.08
32.29
32.23
32.07
31.09
31.73
35.1
43.89
53.1
52.18
49.11
41.03
40.03
36.12
32.88
36.98
44.97
48.59
53.74
55
42.52
34.63
30.65
29.51
29.08
28.56
29.09
28.2
28.5
29.03
30.9
38.44
46.67
50.88
49.54
48.65
47.68
39.91
40.05
39.9
47.91
49.18
54.1
54.07
47.93
40.04
36.51
32.07
31.04
32.92
31.21
30.32
29.08
30.71
30.85
35.71
47.19
46.91
46.99
39.93
36.4
36.14
37.42
46.29
49.98
51.99
60.63
69.74
54.58
49.61
45
38.64
34.47
35.44
33.1
32.08
32.66
34.05
34.8
45.02
53.42
56.03
56.88
56.19
55.51
53.91
54.24
55.17
55.29
54.85
64.51
78.88
64.96
52.94
47.16
44.32
39.99
36.25
35.09
34.32
34.02
34.02
36.78
43
52.05
55
54
52
49.36
45.65
44.95
44.76
46.2
47.51
52
50.05
46.94
38.28
34.96
35.04
34.47
33.23
31.93
28.49
28.28
27.95
29.19
30.69
32.94
37.6
39.14
37.98
37.06
33.85
32.01
33.21
36.96
39.9
45.39
50.03
47.56
38.94
36.54
36.08
32.52
25.71
24.46
27.3
24.48
24.42
24.85
24.86
24.83
26.26
27.3
26.93
27.69
25.81
26.94
27.26
28.56
34.05
47.98
51.54
50.34
46.48
40
36.9
32.79
28.3
24.67
24.84
22.24
23.8
27.84
39.11
49.05
47.92
46.47
37.75
38.16
35.56
36.09
37.97
48.05
50.07
57.69
67.74
59.41
46.96
38.56
37.75
33.03
34.03
32.25
31.32
29.84
30.92
32.25
39.97
49.63
49.96
46.06
39.73
36.1
33.08
34.94
37.11
49.4
51.13
61.99
67.19
60.01
46.08
36.72
35.9
33.87
33.23
32.22
31.02
29.59
29.83
32.24
44.62
48.81
49.76
43.06
39.14
38.95
36.03
41.53
47.57
52.33
55.1
63.02
64.1
54.56
43.01
37.44
36.07
32.21
32.01
31.65
31.47
31.92
31.91
33.46
42
52.55
54.69
46.06
44.07
41.98
37.06
40.3
45.96
52.01
53.93
70.38
69.01
58.05
46.44
37.45
37.19
33.68
29.12
28.21
26.99
27.11
26.76
29.98
36.66
44.77
45.04
43.88
44.76
44.49
41.66
38.45
37.08
37.67
40.01
45.28
47.42
42.87
34.38
31.61
31.38
24.44
27.75
24.41
22.25
20.43
21.29
24.32
24.57
28.53
32.03
35.97
36.81
38.05
37.83
35.72
33.2
31.63
32.05
41.07
41.81
32.99
28.43
22.09
21.65
11.93
-13.38
-13.42
-16.06
-10.07
1.93
12.94
13.11
17.31
22.93
23.87
25.21
28.65
26.93
25.76
29.02
31.06
32.45
45.96
48.4
44.94
35.84
29.93
29.24
22.78
17.94
17.09
14.5
12.81
13.33
19.31
37.01
46.95
46.55
37.22
35.93
32.93
31
31.05
30.7
31.08
31.08
42.43
41.6
31.97
30.23
25.19
20.94
9.5
11.6
10.66
4.49
10.08
12.83
15.11
28.32
36.8
35.63
28.25
25.63
27.95
26.68
29.09
32.55
36.4
39.25
51.93
54.94
44.97
38.95
32.8
32.98
24.35
26.46
24.04
22.92
22.42
21.46
25.41
33.28
38.95
38.71
38.98
38.23
39.94
37.98
35.34
34.78
35.71
38.48
48.88
52.57
48.84
41.25
34.49
34.75
28.03
25.13
24.74
21.06
21.02
24.02
27.93
31.02
37.02
38.4
35.79
32.01
31.44
29.98
32.07
37
43.97
46.74
63.83
69.49
55.97
44.08
36.57
35.89
29.54
30.04
29.28
28.47
26.66
25.35
29.13
35.78
44.67
46.99
42.15
37.97
36
31.6
32
30.97
32.07
33.96
40.5
33.03
30.02
28.43
24.01
24.69
16.39
16.41
16.08
11.83
10.54
10.58
11.87
10.71
12.89
17.04
20
17.22
15.77
15.82
15.42
19.4
22.65
30.1
42.15
44.55
39.31
30.07
22.5
21.63
22.05
24.95
21.18
20.72
17.72
17.1
18.31
16.83
17.38
17.87
22.72
23.17
23.26
23.33
17.03
15.77
20.39
24.05
33.7
43.69
32.14
34.95
34.96
24.69
26.06
25.27
22.44
21.51
20.4
21.74
23.06
32.96
33.1
32.68
29.01
27.81
27.86
27.87
29.02
31
35.87
38.94
46.42
43.44
37.06
37.73
30.97
30.75
25.37
24.64
24.65
21.92
21.37
22.5
24.67
30.27
36.6
38.75
38.27
38.91
41.26
37.94
35.93
36.05
36.3
38.5
41
39.49
37.84
31
26.45
23.49
13.5
-0.92
-0.1
-19.95
-8.73
-0.09
10.74
21
27.04
26.97
25.52
25.42
25.54
24.9
24.92
27.68
33.92
36.97
50.99
42.44
33.93
29.41
24.43
20.76
7.73
12.36
11.03
5.15
5.76
10.81
15.15
25.08
32.27
32.14
25.84
25.23
25.24
25.09
25.32
25.91
29.93
32.95
38.22
38.96
38.95
34.92
32.18
24.97
22.83
27.66
25.04
22.89
23.25
24.02
26.1
32.06
41.97
38.93
43.9
44.76
47.11
47.7
46.44
45.88
44.51
45.7
50.1
51.66
45.4
41.6
35.57
34.71
29.09
28.47
24.95
23.04
22.38
22.25
22.61
22.04
25.69
29.68
31.52
31.58
33.24
34.13
32.83
31.08
31.48
33.02
42.85
44.4
40.11
29.95
26.54
25.55
24.35
25.19
23.93
23.87
22.7
22.35
22.59
22.06
22.87
22.2
24.02
25.55
28.21
24.84
24.01
18.82
22.88
25.56
34.42
38.48
32.47
31.07
28.26
33
25.02
23.65
24.52
28.01
25.02
25.73
27.85
40.72
66.14
71.92
68.19
59.91
55.01
50.95
55.07
60.04
62.9
70.82
99.77
74.93
51.91
43.5
36.39
34.15
29.13
34.31
30.2
28.27
27.03
27.1
27.02
33.01
45.23
46.44
43.67
35.13
34.18
31.29
32.23
33.64
40
43.98
46.44
41.84
37.58
32.24
35.25
30.67
28.25
29.48
29.83
29.14
28.39
29.49
28.36
31.85
50.58
46.99
46.54
48.53
50.97
50.58
52.98
52.4
51.21
51.59
59.45
46.66
49.07
37.81
34.59
34.12
31
34.99
34.2
32.3
30.29
31.4
33.75
38.93
60.98
60.08
59.19
60.96
62.97
57.51
56.8
60.03
65.05
65.12
83.91
72.17
62.05
47.52
37.35
47.06
35.77
32.94
31.67
29.96
29.98
30.09
29.33
33.81
46.67
47.96
47
44.98
48.07
39.2
36.21
36.1
39.49
44.92
47.66
37.32
33.02
31.17
29.55
29.18
26.18
27.03
23.01
23.04
23.01
24.15
24.14
27.71
28.06
31
35.04
30.02
31.75
31.72
30.09
32.96
33.95
35.46
37.48
32.33
31.17
24.08
20.52
20.22
10.92
-0.04
-0.97
-0.9
-0.77
-0.96
0.05
0
10.06
13.07
16.47
18.98
20.76
20.79
20.38
17.11
15.04
16.28
16.57
20.91
16.73
13.79
12.22
13.91
0.07
10.04
-0.09
-0.94
-0.99
-0.04
10.78
21.85
30.41
33.42
28.28
28.88
30.09
30.03
32.45
35.79
35.38
37.89
47
45.26
39.83
35.72
30.02
27.14
18.52
20.17
17.41
16.08
17.48
20.48
21.95
24.59
38.9
46.94
44.91
43.29
45.88
42.5
44.93
45.6
45.52
48.4
58.55
46.99
38.91
36.03
31.93
31.01
27.52
24.49
22.52
21.72
21.79
23.06
25.04
30.03
41.16
44.31
43.5
40.51
42.89
36.67
47.78
44.91
47.44
48.22
56.44
44.91
43.02
35.72
31.02
29.4
27.05
29.06
29.06
28.35
29.08
29.94
31.54
42.93
53.14
53.89
51.13
49.58
50.99
50
48.54
47.2
46.93
50.12
57.98
51
46.11
41.87
37.79
35.05
29.54
24.39
23.71
17.37
16.83
17.19
19.37
30.06
29.45
31.01
29.07
30.13
31.48
31.42
31.49
35.74
38
42.82
49.09
46.03
41.2
33.23
30.86
30.48
27.02
17.23
17.23
17.55
17.92
18.76
17.24
17.61
19.54
32.01
32.07
28.15
29.09
25.97
24.51
23.91
25.96
32.28
41.5
34.74
28.93
17.28
15
16.44
13.05
14.95
9.96
10.64
10.62
10.63
6.87
4.47
9.25
12.02
12.09
12.82
13.19
12.66
11.95
14.05
16.42
24.09
31.64
28.79
30.05
29.16
28.72
34.76
31.57
26.21
23.08
23.08
22.08
23.97
27.05
40.5
48.18
49.9
50.86
47.92
47.91
46.92
45.99
45.38
49.62
54.38
52.85
51.27
51.61
43.08
35.66
36.22
30.95
26.89
28.05
26.86
24.62
24.62
26.79
30.74
45.99
47.52
43.75
38.35
34.94
32.16
34.1
39.07
41.9
43.78
47
40.88
36.72
32.91
28.64
29.89
27.33
25.57
24.59
25.09
24.48
26.84
27.34
31.34
40.9
42.37
43
42.09
39.8
34.85
34.01
35.55
43.94
46.95
48.81
41.97
39.28
36.73
29.95
28.18
25.05
22.59
18.48
17.11
16.79
18.06
21.63
27.01
36.59
41.73
31.51
30
28.03
27.98
29.66
30.59
36.73
44.5
46.49
41.43
34.27
30.08
27.19
26
22.61
19.05
19
16.29
16.28
19.02
22.03
26.01
34.2
37.29
35.76
33.65
30.06
28.3
28.15
28.37
29.48
30.78
34.66
30.23
29.11
26
23.74
19.71
16.51
18.02
16.57
16.2
14.58
16.25
16.63
15.95
19.02
21.87
24.14
24.8
26.75
26.89
25.98
28.02
30.06
33.78
40
42.96
41
35.22
29.94
28.48
26.63
12.51
12.57
10.39
10.22
10.32
10.33
10.37
13.79
19.37
21.97
24.77
30.72
30.94
30.29
32.95
34.26
36.78
44.2
49.88
49.12
44.5
37.93
40.32
31.95
30.93
31.49
29.5
27.84
27.45
29.65
41.26
53.46
56.7
51.5
47.96
45.64
43.05
46.64
46.92
50.04
50.97
63.27
51.83
46.94
40.08
33.41
31.28
28.78
27.64
27.99
27.4
27.86
29.11
29.84
35.33
49.99
55.03
54.97
53.58
52.81
51.96
51.71
49.6
50.04
50.96
55.25
53.43
46.5
41.47
34.51
35.68
30.03
30.81
29.18
28.38
27.05
27.38
28.08
34.41
45.64
45.44
44.39
42.44
44
42.32
43.01
40.2
41.37
41.67
45.47
43.23
39.18
33.75
30.47
33.38
25.98
23.1
22.42
21.25
19.55
20.24
23.45
31.21
39.97
41.4
41.38
40.02
40.87
36.21
35.34
34.74
35.2
39.19
41.4
40.01
38.22
32.63
28.92
28.42
24.09
25.93
24.06
23.22
21.88
22.58
25.77
30.02
36.61
36.64
37.32
39.11
38.01
36.67
34.56
34.95
34.64
39.03
42
40.97
38.65
32.83
30.32
30.53
27.17
23.47
21.52
23.29
20.45
19.62
18.96
21.84
23.9
29.28
30.08
30.07
30.09
30.01
28.31
29.08
31.21
33.01
39.37
38.44
31.32
27.9
23.49
23.44
16.72
17.93
15.96
14.29
11.36
12.51
7.75
9.77
11.21
16.18
15.42
16.01
17.94
16.8
14.97
15.96
15.73
23.38
26.34
29.73
29.14
25.74
19.92
18.87
13.02
19.02
14.49
14.35
12.44
13.39
17.6
27.4
34.03
40.05
40.5
37.44
35.85
34.17
28.73
29.18
29.59
29.03
32.18
32.92
28.94
21.85
13.85
12.58
-0.01
-19.98
-23.06
-10.05
0.07
7.84
12.43
22.33
34.95
33.82
31.99
28.99
26.9
24.95
17.78
17.16
20.36
25.28
30.03
29.38
27.98
25.92
16.71
14.26
11.36
10.05
7.93
3.04
0.83
-0.08
7.8
12.21
14.46
18.02
16.04
16.01
16.06
15.27
16.53
22.43
25.99
28.94
39
41.27
39.71
31.24
29
30.54
25.91
25.94
20.2
17.27
15.28
10.52
10.5
14.53
24.24
29.13
28.15
28.81
24.65
23.12
18.24
16.1
16.13
18.65
24.64
17.09
10.55
8.49
4.04
7.34
0.9
0.01
-0.96
0.02
0.09
3.27
4.08
4.01
4.44
11.45
12.93
12.84
13.63
12.86
11.85
12.06
13.17
18.04
25.05
28.95
29.22
27.6
24.92
26
23.73
8.5
0.09
-6.27
-4.92
-15.33
-6.86
-0.9
0.06
6.24
10.4
8.94
12.57
1.78
7.68
8.08
12.24
14.93
18
16.03
15.95
17.49
13.3
14.44
10.57
10.6
8.65
7.29
6.29
3.46
0.11
0.04
0.11
9.8
10.03
9.84
10.79
10.42
10.18
11.21
14.89
22.07
31.55
35.7
35.71
32.96
31.83
31.65
27.47
26.26
20.35
17.75
16.01
16.98
22.05
27.8
34.98
38.81
41.4
39.87
36.04
36
33.4
32.53
33.15
36.9
42.98
43.38
35.91
30.38
27.6
26.83
22.06
18.04
17.07
16.52
13.9
14.49
17.04
22.74
26.98
29.01
28.36
29.96
30.86
34.36
35.94
35.47
36.02
41.81
52
55.86
49.98
38.39
34.95
33.28
29.94
24
23.59
23.55
18.01
15.95
20.78
23.71
29.23
36.92
36.21
35.98
34.99
30.32
27.68
27.44
27.53
30.68
33.44
36.09
31.98
24.97
20.92
17.05
13.71
13.48
12.56
10.46
4.17
1.64
3.68
6.68
12.9
15.72
20.07
23.04
24.32
26.23
28.06
27.48
29
32.87
40.03
40.25
36.79
28.81
26.27
29.99
31.59
